508346, 283558, 163674, 174608, 274436, 161521, 949232, 836423, 634503, 170288, 829152, 154362, 643490, 139724, 247872, 202980, 755899, 120906, 521772, 392019, 586813, 990500, 810929, 584148, 249375, 764038, 581736, 448380, 455045, 876098, 792768, 802101, 419232, 755921, 293460, 556643, 262321, 973639, 828827, 723570, 215372, 410929, 171967, 253598, 694359, 604750, 350917, 343519, 219472, 765895, 482539, 711759, 958894, 956140, 652400, 342520, 389184, 483949, 840716, 466559, 213650, 291858, 599424, 703335
967055, 552183, 859113, 113796, 765312, 514151, 169102, 792509, 521585, 922547, 302105, 294333, 758773, 101455, 807971, 896182, 565344, 198954, 322631, 237970, 777394, 561001, 266296, 869559, 868116, 791903, 233070, 406934, 911290, 149738, 123516, 744401, 245961, 402252, 635229, 321383, 624274, 980324, 635885, 839613, 940892, 935465, 365748, 311850, 118880, 488452, 460797, 300799, 923310, 729415, 284549, 663153, 557197, 607725, 421838, 160420, 108127, 936110, 775411, 529270, 731138, 491775, 419766, 101318
308467, 826629, 200437, 843103, 387982, 430900, 276636, 406373, 284272, 402952, 143955, 125082, 928797, 881951, 651608, 196781, 177150, 780273, 591944, 773215, 562242, 418893, 825238, 655412, 708261, 691921, 646078, 787443, 832302, 697317, 714291, 736602, 795761, 704213, 623668, 744961, 196310, 310441, 835006, 569960, 792689, 855459, 665499, 176640, 570512, 141461, 701240, 128147, 420051, 802428, 835924, 683250, 502901, 946621, 741428, 942009, 454314, 716538, 932083, 550720, 559329, 444496, 891319, 599041
710312, 973776, 855135, 693696, 627246, 821465, 513304, 986812, 848643, 320527, 474319, 245329, 103388, 833370, 858112, 231688, 143379, 958909, 189805, 790364, 429708, 553680, 667307, 384585, 173394, 956669, 672662, 455858, 801759, 967668, 536069, 490095, 901530, 680107, 665720, 761426, 356443, 155350, 375630, 247412, 627434, 708031, 882739, 278625, 781798, 294114, 517654, 377117, 309409, 791975, 274008, 256465, 647016, 818652, 765632, 148822, 595329, 961614, 355724, 760765, 874477, 687237, 855491, 107928
628333, 455706, 323781, 660073, 276800, 638325, 866211, 902341, 220522, 113927, 264843, 981283, 653777, 669344, 248988, 257671, 368097, 329390, 833048, 924454, 290319, 783668, 203255, 221142, 109915, 531042, 743608, 447220, 597166, 219095, 538803, 243601, 318403, 294319, 356841, 269433, 368962, 799754, 582877, 783169, 778471, 854748, 266428, 140269, 473090, 170922, 473847, 432699, 814423, 453447, 762674, 697071, 658085, 222411, 597172, 859292, 263716, 970093, 502687, 108812, 812807, 689149, 397785, 916524
937058, 510977, 479625, 691255, 395365, 675625, 402206, 841790, 113413, 620593, 887817, 405808, 692316, 609907, 918155, 322572, 567751, 229286, 447208, 616448, 887117, 601655, 966811, 332284, 369056, 128226, 276739, 836984, 272572, 878413, 692155, 533151, 552812, 363041, 992520, 949783, 628844, 214214, 608875, 204718, 384617, 760762, 952438, 523235, 589476, 480078, 901371, 819117, 660949, 110429, 781632, 171724, 767980, 264938, 896015, 146218, 919859, 812693, 582410, 445134, 106928, 754937, 473052, 633981
928903, 570341, 164618, 451021, 921147, 953429, 656552, 211239, 929109, 367756, 780967, 175672, 406493, 466512, 231213, 750260, 386117, 303619, 971165, 843848, 905830, 706009, 811957, 573915, 870625, 134811, 266679, 719744, 748680, 738198, 893375, 529210, 678805, 565504, 116115, 270220, 307895, 549385, 638648, 564636, 140814, 314042, 582049, 124675, 555788, 490222, 685187, 827477, 211707, 929097, 864644, 641959, 184829, 302776, 446705, 321377, 269423, 330855, 800878, 811458, 309511, 548441, 867049, 557290
247708, 710663, 856360, 883625, 102500, 707480, 305088, 720097, 976504, 267065, 336007, 892538, 553172, 994202, 164801, 694626, 712859, 689253, 265399, 393310, 561624, 669947, 862887, 898066, 374143, 933997, 818484, 355081, 688337, 674004, 398909, 213890, 407038, 458829, 519372, 110199, 557349, 135765, 668805, 251115, 999575, 528092, 858654, 948207, 271706, 412713, 287533, 130673, 885705, 514474, 577820, 228545, 580633, 806774, 894714, 954817, 918998, 553570, 360524, 178569, 920588, 138076, 261633, 340244
476833, 748935, 771363, 432203, 468671, 964339, 812968, 768908, 243088, 429176, 958088, 614743, 336322, 502095, 498634, 848116, 491242, 253837, 460343, 433092, 634756, 765373, 187696, 180290, 368056, 119833, 262874, 455414, 708345, 650725, 343287, 894486, 442920, 963784, 666673, 891161, 228533, 437991, 553360, 854938, 998053, 486656, 208075, 478501, 841295, 152928, 324475, 534625, 485056, 908417, 552490, 363098, 213310, 628612, 986411, 261289, 917130, 205255, 514691, 129667, 254942, 278595, 307332, 835195
583702, 603428, 657467, 329973, 787820, 323910, 583231, 960904, 555579, 567496, 326986, 641870, 673893, 831024, 243845, 153899, 192976, 872955, 555515, 409240, 113611, 741279, 822863, 268907, 848110, 794943, 497098, 522725, 233247, 930697, 827020, 787927, 930129, 921456, 137380, 426770, 917287, 461826, 624251, 107370, 635895, 139205, 493450, 673957, 309929, 583410, 466188, 120550, 672574, 293102, 970733, 643313, 721550, 870945, 698178, 410426, 568138, 931701, 140179, 523439, 192992, 714701, 812115, 771134
831484, 727647, 387984, 693156, 928651, 443696, 627238, 498932, 644187, 538250, 582030, 404832, 484671, 971260, 378739, 439878, 718703, 709006, 142405, 545402, 274059, 936576, 270534, 437868, 648384, 726590, 260226, 878230, 681667, 989186, 777308, 892485, 552475, 253542, 640964, 444065, 444699, 401220, 962628, 170714, 791309, 301932, 135610, 685009, 568362, 787937, 337087, 668832, 540421, 632720, 772774, 960999, 639624, 248590, 667264, 373236, 465909, 564237, 549884, 733710, 622703, 671931, 904845, 935390
798162, 482488, 295939, 203067, 160252, 293969, 491547, 436944, 594127, 702398, 276050, 823084, 247919, 716564, 902613, 723622, 781957, 413831, 229076, 628011, 313382, 785856, 834004, 892294, 461486, 769879, 997604, 475530, 625446, 346062, 812360, 948639, 817349, 244489, 868465, 242823, 706866, 168877, 344845, 534379, 208039, 429652, 116954, 321319, 598769, 192842, 508886, 126766, 696820, 318792, 684339, 229947, 999467, 633195, 962726, 688566, 249550, 605743, 709054, 439872, 966892, 551149, 167761, 328123
315575, 726478, 760978, 110040, 904608, 553035, 768287, 536990, 718999, 540227, 216599, 136532, 613812, 205496, 244137, 486315, 833236, 467654, 621223, 517099, 571451, 790401, 671290, 381400, 678712, 763754, 910671, 835617, 921574, 474061, 758382, 434374, 699406, 527258, 731211, 223939, 966634, 468798, 788277, 947261, 904197, 291326, 261900, 493671, 636990, 269264, 658897, 659793, 707339, 284501, 749525, 690382, 938265, 405303, 159987, 453313, 844402, 352987, 520569, 406468, 716024, 493954, 156225, 302196
461133, 597058, 467199, 504508, 778261, 835036, 612915, 344284, 235891, 687802, 547262, 171861, 604912, 268231, 791601, 403156, 569435, 537994, 872256, 187769, 655530, 647521, 472438, 896804, 517470, 648854, 465122, 887387, 394917, 523232, 923024, 951513, 882200, 789049, 439634, 425206, 826949, 635959, 637244, 739279, 133767, 483786, 782576, 192178, 693105, 238993, 103022, 889993, 125322, 877369, 532685, 629600, 391409, 857202, 433479, 728820, 559522, 489872, 917614, 133690, 913681, 653595, 591260, 675850
122323, 393587, 615529, 930054, 321245, 777989, 798294, 920618, 680580, 211618, 812454, 981682, 286659, 775106, 494060, 593730, 367034, 627732, 238878, 450134, 254227, 697984, 122217, 974439, 486913, 152508, 564319, 128119, 426433, 150887, 805132, 146489, 494626, 917125, 598279, 240576, 513473, 316088, 887139, 560994, 902669, 716375, 799204, 968104, 339146, 702190, 516014, 492917, 474993, 480817, 125817, 591760, 325556, 570462, 791266, 672912, 321470, 369838, 890779, 960548, 231193, 534904, 670179, 147100
713898, 431267, 774320, 296311, 878679, 264357, 206984, 226666, 709992, 968636, 680558, 203625, 874187, 292552, 631514, 641397, 215121, 559492, 472994, 332610, 904119, 662591, 835604, 601988, 573535, 115707, 648326, 852982, 446908, 624353, 242724, 103910, 410733, 611775, 342792, 514112, 226240, 130816, 426632, 281557, 623032, 764614, 262217, 186600, 704201, 201414, 918866, 976022, 338176, 445024, 894171, 493183, 889760, 227897, 493156, 590005, 211719, 165399, 155266, 806240, 345871, 605144, 366356, 715531
984208, 700559, 831668, 150191, 838818, 865373, 392552, 129913, 522753, 339112, 866904, 341307, 746537, 940762, 157883, 187372, 457697, 747289, 251818, 376380, 210932, 566014, 627702, 380857, 864986, 587220, 278325, 159223, 766997, 158159, 362679, 743743, 175159, 306663, 845943, 517431, 360321, 782927, 519981, 519210, 687430, 847606, 398112, 217651, 871247, 774810, 942776, 982731, 581111, 401252, 539922, 955725, 706710, 298339, 992557, 135778, 660508, 243304, 468866, 767983, 404627, 544956, 567216, 854871
790566, 746586, 655125, 548845, 923776, 787084, 146393, 447034, 554413, 379397, 298723, 547015, 262590, 305912, 896655, 875592, 935816, 173684, 795256, 311461, 690699, 813309, 509295, 489894, 928432, 874151, 124653, 317499, 876300, 940369, 605125, 722117, 548546, 258204, 943602, 336421, 166596, 896039, 342000, 330110, 732281, 739880, 838791, 265225, 479482, 878313, 525666, 649173, 132055, 848989, 273246, 380249, 382039, 323134, 563710, 592760, 658780, 906852, 491931, 135024, 496869, 733731, 230296, 625663
929165, 919426, 202195, 568946, 700208, 123795, 770040, 342699, 790766, 429300, 930896, 595438, 664264, 357889, 209334, 835784, 369832, 970548, 337834, 823805, 934653, 622875, 647647, 789197, 957955, 796115, 243983, 566945, 368065, 597126, 949550, 686680, 872908, 356799, 598939, 423209, 232489, 494374, 351251, 433492, 384720, 190620, 925600, 347209, 913932, 646068, 832431, 613588, 266271, 981292, 817823, 172772, 937378, 577319, 618069, 584119, 291977, 160041, 830829, 160996, 241701, 689550, 413995, 707908
505092, 244391, 205519, 207005, 897395, 345938, 998278, 430125, 803011, 655765, 850845, 640879, 352521, 869750, 649265, 772045, 294303, 536154, 771554, 142371, 724905, 928440, 952934, 494827, 294738, 443033, 941881, 161035, 545493, 558927, 928178, 870167, 507927, 158031, 672113, 822820, 933617, 935212, 566837, 671242, 369707, 610034, 731434, 533684, 582308, 421755, 560575, 847592, 509102, 811857, 540086, 374221, 412439, 330657, 373364, 107422, 562978, 293592, 154200, 605290, 984403, 365565, 491816, 502725
551242, 999690, 441543, 281423, 608807, 428041, 429636, 193471, 337484, 436647, 203403, 900108, 299680, 360919, 453662, 538679, 149359, 657766, 674111, 829816, 822927, 153846, 148164, 837027, 750877, 403833, 526413, 271767, 720966, 601580, 177553, 787587, 821794, 201133, 858996, 703445, 121754, 812251, 299766, 427712, 698730, 297705, 439301, 803274, 395490, 911774, 669586, 627536, 995494, 758540, 663841, 930294, 838005, 366986, 428154, 539310, 316775, 374576, 780124, 261699, 929232, 515407, 990353, 408708
791105, 642987, 206589, 838152, 301070, 543831, 225904, 966690, 690761, 795275, 553883, 384098, 598061, 525763, 706559, 750469, 588247, 905143, 695457, 195035, 927055, 422259, 164729, 694995, 253157, 833362, 294282, 944645, 115125, 452412, 779276, 702427, 536621, 951193, 717157, 304797, 618310, 848112, 155222, 380184, 333197, 419841, 255313, 972298, 237158, 523804, 644745, 254764, 298534, 379548, 574050, 795740, 463487, 136131, 423655, 778374, 919705, 488722, 166906, 992559, 790299, 578565, 430885, 949054
515848, 847242, 478288, 780104, 459238, 454268, 766220, 928566, 443099, 858752, 138412, 704468, 116016, 500379, 790899, 885880, 745111, 427662, 876904, 558381, 737385, 505487, 335910, 698812, 625032, 822917, 358960, 659158, 163331, 756704, 884226, 151200, 210168, 790258, 115586, 112092, 346003, 237646, 822101, 993200, 500501, 112156, 896366, 342005, 237040, 627221, 882786, 734205, 279854, 531489, 938679, 878754, 939026, 649675, 190939, 891655, 295126, 739166, 623824, 848270, 200787, 405855, 323653, 820566
705279, 954630, 749824, 563693, 368401, 377177, 839351, 739738, 140768, 501639, 385182, 932576, 937449, 600287, 507770, 122800, 118960, 787754, 763156, 606030, 571453, 860555, 850601, 518621, 706823, 292626, 764191, 943818, 240207, 727607, 695122, 267826, 490371, 401369, 784269, 146225, 262275, 200499, 449812, 145448, 380992, 300823, 928605, 453194, 778592, 819019, 566719, 972931, 527295, 514685, 288898, 487078, 401231, 691043, 656470, 664753, 826240, 297875, 361984, 110559, 789306, 802972, 167631, 331786
614055, 817728, 814957, 719130, 484430, 882510, 572305, 546863, 687674, 278784, 139313, 213191, 692377, 961742, 886676, 947084, 614080, 285388, 195941, 380669, 336364, 618951, 190532, 161207, 161283, 534616, 201111, 243872, 991577, 201570, 883518, 948112, 987950, 968782, 171140, 477693, 581845, 764352, 763281, 896737, 465872, 228949, 562332, 275274, 966903, 207804, 909662, 515038, 547127, 922094, 799106, 146920, 195223, 151211, 447480, 757443, 900885, 778930, 379593, 670178, 663631, 797789, 204868, 540986
332574, 280791, 678679, 507021, 691997, 705691, 329850, 261460, 136807, 761770, 174981, 765416, 972862, 988552, 464833, 966605, 365832, 182388, 933276, 443099, 102644, 132322, 823926, 733706, 902907, 432759, 198169, 629113, 749889, 364673, 346885, 117851, 121818, 503824, 169961, 893183, 337481, 926612, 965230, 825883, 253284, 168404, 183245, 886357, 478195, 654248, 435009, 214733, 208952, 575508, 158007, 141833, 471368, 382498, 104738, 479262, 721591, 748123, 870987, 977401, 312530, 842081, 543845, 121672
700550, 744524, 751358, 729543, 749854, 766463, 503186, 205898, 789097, 211686, 747642, 470884, 103514, 567919, 137377, 727026, 741129, 617794, 137751, 939335, 185495, 368958, 300895, 696469, 145326, 564017, 363715, 636117, 624327, 198931, 883783, 504531, 835398, 186944, 266267, 300377, 258847, 314064, 774762, 970326, 497084, 939061, 254575, 453194, 916726, 415152, 898567, 931281, 347040, 901840, 341409, 422505, 314564, 941513, 864338, 452354, 359493, 854413, 870086, 212482, 480387, 769705, 606577, 591441
740541, 105535, 148387, 210632, 956081, 956763, 451289, 199473, 793983, 341044, 497040, 332858, 950188, 291777, 629429, 716732, 938754, 741301, 284792, 720387, 211412, 184952, 756223, 121433, 537854, 674468, 399511, 615987, 559947, 117753, 325477, 763607, 332913, 966205, 739770, 370952, 826040, 182612, 106052, 940433, 861112, 529751, 706498, 836746, 275295, 523828, 559600, 225673, 630705, 609250, 174176, 987464, 897258, 968415, 310410, 512526, 373503, 265001, 917594, 561629, 994499, 591093, 575559, 101080
731589, 348463, 295332, 867215, 918838, 768686, 529520, 413512, 390089, 762963, 739368, 308140, 132308, 181758, 104476, 224427, 762482, 803149, 160062, 532940, 539370, 513459, 946582, 901269, 805643, 808016, 868787, 871252, 933134, 170418, 120221, 659336, 986589, 793992, 121318, 801679, 690258, 722527, 914174, 617292, 660728, 357435, 398342, 646644, 466670, 526931, 542908, 997398, 689226, 837962, 293909, 851045, 187034, 555334, 366025, 697571, 136869, 938606, 297223, 378347, 314224, 125956, 233641, 190779
417277, 790781, 967523, 798525, 514382, 875129, 423733, 415632, 580327, 860324, 163040, 655159, 122450, 852360, 427317, 936830, 683355, 780332, 309545, 548261, 218331, 359436, 144197, 416875, 444403, 540598, 835225, 494487, 703502, 768415, 390352, 165573, 282057, 916385, 551583, 633836, 567279, 530834, 782904, 457896, 557020, 213633, 882523, 904937, 507683, 323023, 453579, 373880, 158635, 380103, 840254, 516864, 390516, 765563, 705966, 739200, 883703, 167773, 959182, 750284, 134700, 739607, 285494, 102811
153893, 651336, 420671, 362673, 981400, 514044, 153418, 883017, 330746, 325830, 229978, 758654, 384134, 143132, 481570, 270806, 469084, 290063, 462425, 894700, 919431, 381670, 283178, 704696, 135095, 381526, 640136, 361501, 369421, 282688, 923807, 921136, 616437, 117095, 779846, 505184, 485485, 342028, 212368, 952997, 974756, 400008, 655745, 444265, 743422, 106629, 113598, 670830, 497524, 119514, 474877, 402075, 233592, 711105, 636636, 360486, 959126, 544918, 883757, 836991, 959574, 433838, 422959, 879575
143965, 269681, 723224, 393324, 437203, 178198, 498574, 155794, 854752, 340282, 729557, 770527, 262288, 623677, 674434, 894643, 753558, 774169, 104750, 295713, 100716, 311103, 644071, 198751, 996824, 651408, 797728, 546374, 559850, 144501, 605737, 956070, 436513, 315963, 915449, 578506, 686574, 993230, 414087, 504931, 405713, 547441, 784889, 693299, 573151, 699575, 283827, 374457, 575653, 762594, 496241, 987252, 249030, 815574, 817936, 442325, 142208, 579160, 495686, 711302, 279245, 941416, 521042, 450800
391654, 367384, 143278, 134446, 999425, 924904, 926433, 157548, 719195, 889056, 303473, 623515, 481104, 469545, 628725, 103892, 577255, 556264, 778729, 809606, 695627, 209272, 942010, 490718, 877940, 392611, 397762, 907410, 280741, 600861, 670094, 123434, 394990, 771069, 450170, 135403, 380817, 394840, 991390, 578241, 231969, 328027, 581793, 718633, 665383, 920517, 277036, 309048, 331583, 601696, 468698, 382475, 665823, 980730, 935947, 495404, 652407, 204196, 884024, 338910, 303667, 242438, 377792, 891654
647294, 274588, 740993, 564214, 807553, 640306, 960163, 290518, 505001, 329367, 225166, 666705, 341735, 172577, 862171, 933530, 547632, 249725, 314568, 942073, 656037, 377520, 804037, 479189, 432525, 768880, 960876, 825759, 634238, 289912, 238478, 414553, 495898, 119052, 602439, 444770, 175126, 704809, 141683, 437568, 956598, 450568, 236379, 419336, 892916, 407151, 354408, 311948, 819456, 404147, 977208, 568098, 753089, 207567, 148397, 935788, 148922, 353306, 378467, 494281, 615111, 349703, 637658, 433528
551783, 749502, 462737, 655237, 704691, 590931, 282004, 132529, 236844, 283168, 801100, 219138, 727379, 993220, 772213, 508324, 735826, 305751, 153357, 762362, 464312, 857257, 764487, 638886, 269666, 437750, 781183, 565904, 805013, 472775, 680841, 967222, 159975, 602697, 414242, 233009, 284605, 841122, 896936, 519967, 768783, 526965, 551493, 341490, 706088, 460276, 929447, 775669, 792106, 401117, 783787, 669942, 602190, 873842, 533751, 598709, 962601, 409049, 974567, 798407, 208202, 117836, 585758, 680327
606591, 697726, 858975, 991226, 800920, 746156, 541908, 972125, 485603, 913531, 441067, 947150, 211990, 430931, 189825, 380467, 864396, 497751, 122614, 939402, 316294, 648288, 716832, 728078, 122707, 206454, 707068, 574339, 921290, 799818, 777919, 222783, 811892, 818483, 769866, 477973, 469734, 997891, 233180, 332863, 481740, 129669, 699617, 832807, 458690, 607829, 840905, 264690, 787772, 634811, 105811, 123658, 261509, 695110, 860264, 688678, 835236, 687394, 786468, 927480, 168154, 286837, 849550, 461075
894568, 682619, 371177, 383510, 311342, 887932, 520740, 530970, 341742, 857479, 683052, 959796, 954351, 598190, 922497, 405415, 694909, 860285, 882757, 218025, 411662, 349015, 469137, 165040, 373056, 329808, 492898, 747289, 950301, 633377, 307408, 792501, 503808, 153291, 869215, 486417, 257042, 432363, 334575, 486432, 172365, 865302, 217774, 748039, 190338, 809009, 596622, 448452, 424213, 689168, 263345, 509980, 178630, 225833, 244191, 284160, 811531, 892756, 430298, 974235, 603576, 247489, 983977, 555323
773537, 586454, 438705, 847769, 397750, 726020, 911554, 757158, 506765, 978789, 490893, 111669, 766846, 467316, 249875, 603103, 173863, 566216, 544473, 462326, 293200, 851182, 435832, 695530, 277609, 707939, 603409, 503922, 817487, 590443, 333757, 689176, 877133, 239185, 153794, 929763, 299871, 222843, 130273, 445953, 979218, 839336, 720524, 329073, 994216, 174601, 206518, 327275, 225367, 895226, 217507, 409965, 691409, 282364, 877022, 747746, 918334, 947728, 667785, 249393, 331941, 279569, 980367, 287584
422570, 211663, 229430, 495074, 595665, 547652, 110160, 307684, 492065, 408052, 819088, 189200, 600419, 853606, 357625, 726556, 845738, 289241, 840658, 322770, 728044, 454597, 518646, 176477, 350734, 758704, 407241, 230477, 892831, 956265, 348740, 118983, 278843, 850180, 138193, 947020, 924527, 113874, 383954, 375203, 716700, 873437, 987644, 935814, 157620, 929277, 417313, 474470, 673634, 219994, 592331, 798428, 962918, 633054, 925508, 938061, 416670, 788054, 166066, 384825, 886912, 724485, 128000, 892673
577411, 185701, 904792, 915858, 797822, 725531, 587277, 814386, 454088, 504597, 919572, 355302, 171518, 953027, 660434, 364925, 222500, 222864, 269264, 739613, 157955, 971003, 274796, 768936, 800816, 808182, 525034, 977066, 351884, 568858, 172263, 122210, 346824, 331557, 977902, 155083, 749217, 583281, 652387, 814278, 612969, 226418, 686236, 182565, 336934, 726572, 587344, 318550, 812948, 297295, 736711, 924650, 314341, 812112, 817074, 761761, 555497, 899589, 948532, 158580, 363881, 979772, 113885, 519263
434924, 218584, 308599, 698313, 924925, 692970, 619033, 475537, 382180, 938376, 164697, 412087, 339824, 918124, 957566, 186628, 940374, 852044, 705172, 933590, 369555, 778737, 854201, 963596, 103117, 435734, 395604, 710923, 654872, 423487, 483813, 470443, 151669, 203859, 809911, 460769, 190261, 210936, 418674, 546569, 735131, 488010, 314702, 396271, 658239, 965591, 695810, 961754, 357358, 658458, 673625, 880343, 467151, 504370, 514374, 843613, 930977, 689694, 880110, 690818, 734528, 533687, 158852, 755290
946694, 300522, 622963, 301350, 481774, 691824, 721076, 447265, 761107, 491820, 612191, 850850, 409719, 468353, 683230, 284206, 420224, 113998, 752156, 518462, 621021, 319366, 876797, 697321, 678151, 742800, 665863, 605966, 747650, 317240, 265086, 169248, 458435, 401328, 295054, 494701, 353675, 822214, 759937, 734765, 699793, 274339, 801264, 760132, 199517, 549694, 975766, 704084, 637809, 419451, 318368, 138530, 952418, 715427, 777121, 803970, 732996, 866016, 708994, 310658, 583237, 932341, 493751, 104145
148943, 717625, 482572, 449418, 404433, 307694, 884414, 926017, 398839, 152738, 769958, 442152, 131605, 126049, 303952, 308350, 631555, 177077, 198474, 117173, 737794, 677819, 378872, 222366, 222717, 270595, 400708, 417747, 184523, 444388, 973266, 462593, 924720, 966777, 849490, 583408, 450499, 147644, 771439, 213297, 791019, 712574, 873412, 330019, 833090, 728672, 699790, 185409, 934299, 606225, 736893, 246988, 327520, 598244, 792932, 770672, 462612, 531468, 444687, 526645, 914424, 388824, 719124, 551909
663369, 340421, 223395, 914581, 941830, 992388, 834999, 883697, 647247, 923402, 651918, 178569, 896137, 768589, 757941, 805522, 912958, 310690, 506877, 397978, 179201, 853552, 730314, 346508, 297391, 910736, 896521, 251324, 252785, 280900, 907233, 459119, 155198, 701041, 563459, 490442, 246557, 524538, 908796, 900758, 263657, 596474, 696361, 370861, 933293, 448318, 220201, 169572, 615438, 965437, 873166, 792596, 292680, 716052, 882861, 180102, 436752, 923074, 957910, 684475, 798073, 961341, 874173, 854549
987123, 448688, 653238, 167622, 908269, 706354, 995040, 555475, 340891, 886083, 753816, 719172, 179251, 155237, 330766, 610155, 159697, 922357, 981204, 116078, 526938, 631556, 941011, 527730, 315741, 682999, 881944, 959782, 753717, 158103, 175500, 345674, 957868, 595894, 156353, 579355, 470554, 949407, 102984, 497692, 366635, 678264, 435263, 529345, 709790, 167127, 696551, 177371, 577833, 531614, 314740, 985659, 984090, 308884, 655838, 649157, 747481, 414178, 149525, 881171, 917001, 567687, 738257, 343202
900877, 361784, 744167, 752893, 126983, 417559, 251703, 651333, 855771, 357742, 747106, 743290, 607155, 704776, 834650, 924104, 653276, 802157, 847281, 758864, 177165, 679000, 152627, 223474, 271751, 818583, 624144, 470292, 436248, 336191, 651409, 906354, 289466, 243561, 171884, 182178, 638360, 903180, 797203, 410018, 740945, 498712, 586438, 730368, 624373, 114988, 610377, 561542, 194764, 445109, 478288, 982433, 548630, 849252, 939670, 967180, 541229, 744171, 159565, 830046, 154214, 623443, 188848, 771436
733335, 321661, 526645, 315836, 273522, 502099, 225662, 469351, 775472, 379146, 798478, 171402, 696009, 664183, 842328, 532426, 307199, 552555, 694035, 945729, 219866, 476300, 119531, 941609, 756398, 546993, 687761, 691748, 936120, 903353, 182898, 959622, 455432, 495113, 340389, 102335, 884697, 712737, 118173, 937705, 433819, 188121, 812222, 175210, 382450, 468061, 118157, 783462, 513751, 312034, 216992, 811269, 944220, 817796, 344597, 909756, 803533, 115357, 543391, 514811, 500242, 630980, 281338, 680595
845713, 597728, 623776, 683169, 224656, 650312, 297972, 665435, 824440, 942200, 221915, 989653, 442389, 777138, 275466, 259248, 138362, 440078, 179867, 780545, 889121, 402751, 458745, 933402, 892304, 139364, 683003, 931703, 784087, 409352, 940462, 602822, 227958, 644503, 332170, 124948, 163836, 917949, 752934, 721776, 869354, 205532, 481320, 243327, 824373, 381993, 642485, 944411, 828810, 498628, 249798, 920616, 523661, 431603, 166939, 521525, 896442, 260730, 540778, 916491, 396780, 459480, 781520, 785110
519835, 811681, 770920, 334124, 731008, 160148, 287737, 257470, 208661, 357368, 556393, 465403, 184663, 894520, 713040, 925371, 887341, 350615, 415591, 960591, 284291, 860370, 356351, 551715, 108495, 551633, 599118, 513132, 454196, 620938, 152389, 574772, 938724, 145138, 479869, 661567, 739457, 707744, 465743, 827641, 624636, 796000, 412770, 936126, 991455, 426865, 414015, 104101, 956326, 312892, 674145, 246986, 944103, 647217, 763657, 706390, 401426, 251840, 142957, 272878, 920436, 292112, 701680, 765205
435382, 967839, 291757, 738815, 854946, 585111, 669869, 420531, 774405, 388233, 659768, 364507, 771760, 635689, 121576, 227723, 715257, 299270, 728985, 870860, 113054, 884996, 326556, 585796, 784169, 126040, 577963, 898596, 746511, 864543, 609015, 623854, 506067, 901147, 188092, 385952, 210824, 845324, 714807, 613793, 723955, 138919, 925422, 367751, 728302, 909397, 655405, 972003, 779945, 926314, 287985, 970186, 274476, 396191, 846877, 501216, 365911, 573807, 185290, 414563, 633610, 164236, 709500, 110385
532512, 568859, 176079, 420343, 968694, 167570, 145520, 716504, 607082, 658860, 310056, 272214, 415423, 122567, 321715, 157024, 698588, 511131, 922255, 518455, 352532, 744662, 674384, 628607, 814336, 994360, 322000, 332479, 342632, 856233, 141668, 397972, 784002, 778610, 664905, 453336, 126225, 596991, 858173, 475211, 754862, 481710, 987243, 334331, 386884, 184308, 516030, 733110, 350037, 897325, 611638, 574057, 930426, 778973, 849337, 240563, 437064, 240424, 441664, 784459, 261006, 119691, 189618, 186666
479995, 838837, 479439, 602295, 384988, 630405, 234370, 880174, 848163, 899361, 677626, 635916, 782563, 200976, 776626, 717177, 851512, 905653, 213003, 866834, 785092, 508872, 198459, 551537, 628115, 253938, 709695, 674268, 299424, 820806, 850508, 868935, 165808, 585815, 673283, 127079, 750972, 280953, 783363, 537525, 373389, 511736, 408505, 613882, 372576, 385647, 179506, 113789, 223241, 349318, 500689, 976230, 207219, 311467, 377083, 106798, 882853, 596523, 240751, 379174, 115041, 356237, 259764, 538240
697894, 929900, 328299, 129021, 627829, 584847, 668644, 690676, 235856, 460487, 664524, 229756, 623934, 663716, 867683, 519350, 262540, 319252, 664332, 662970, 201293, 156089, 744573, 399101, 630786, 410854, 712630, 282620, 160821, 261686, 508943, 764231, 242175, 409961, 288074, 725293, 324554, 205275, 869544, 323999, 360048, 464515, 267512, 642788, 973698, 694437, 423881, 549369, 620101, 637812, 209664, 379746, 705558, 124264, 318629, 951122, 102254, 423959, 202232, 244947, 879585, 523668, 874145, 912882
732929, 836193, 510565, 904010, 174143, 145713, 929108, 983051, 980209, 350079, 369440, 704615, 924655, 282917, 757416, 359545, 840440, 447866, 285874, 580722, 259281, 466602, 215703, 419937, 980269, 116019, 267191, 137630, 526089, 989146, 200590, 984180, 644718, 590184, 854687, 536489, 984921, 474853, 473452, 526123, 650519, 188399, 374536, 492120, 463850, 913719, 370979, 859114, 153609, 303000, 463109, 162877, 173603, 401973, 486646, 603742, 853540, 267565, 278521, 395442, 846384, 162014, 448697, 890977
239340, 111475, 320668, 319293, 131772, 115659, 913620, 777875, 729255, 424072, 670740, 327244, 123766, 140336, 923360, 652608, 878236, 527716, 105725, 571576, 647792, 722779, 369287, 186974, 369109, 233818, 519041, 135907, 605338, 699314, 663623, 908237, 345949, 545142, 771520, 858971, 867467, 138487, 569872, 577815, 617123, 778270, 826793, 367703, 142456, 827077, 688417, 671983, 846901, 744146, 428382, 121622, 823674, 475217, 387182, 136723, 522661, 533901, 465524, 780325, 487788, 574187, 122652, 865324
263367, 972100, 777456, 419287, 655659, 258588, 296707, 783691, 202288, 962883, 747722, 372076, 290228, 666952, 111883, 320811, 139064, 503349, 829645, 617132, 852776, 711051, 434479, 804851, 928312, 250843, 102036, 754667, 495018, 858685, 571452, 970323, 979212, 436913, 392901, 489375, 135792, 228434, 551491, 574034, 380141, 895963, 979200, 909740, 948206, 146177, 408841, 770921, 664897, 910317, 734062, 367036, 283549, 503181, 614097, 511602, 709974, 518887, 295818, 718647, 387772, 307371, 413876, 247698
840081, 360161, 937432, 284011, 325733, 809121, 986708, 346894, 155184, 154529, 618535, 835239, 200619, 815753, 884155, 578348, 166571, 452930, 654384, 929530, 578459, 200301, 702721, 249272, 388245, 740881, 686741, 407960, 826844, 517004, 556005, 729532, 542297, 508522, 652325, 353941, 853393, 677683, 490448, 300582, 701279, 939455, 947412, 249095, 288563, 995045, 668279, 569349, 973158, 816785, 244677, 221479, 425625, 803635, 731127, 463052, 434633, 224820, 662402, 812752, 587729, 991620, 555961, 676014
155197, 717167, 485503, 747262, 736294, 302766, 909517, 364991, 634350, 568761, 802908, 628176, 732890, 635194, 158064, 922425, 649959, 379677, 553666, 360199, 343754, 392963, 101736, 745780, 668648, 955510, 346498, 374340, 948207, 518871, 137892, 960779, 656655, 257171, 482715, 929581, 864601, 923700, 546750, 337342, 889330, 366228, 982483, 229415, 497811, 981356, 848762, 470794, 649985, 311530, 570522, 920637, 314884, 770817, 722598, 574226, 810054, 623578, 391660, 621015, 936362, 781289, 681306, 768313
359878, 727450, 264781, 862404, 296286, 723018, 193559, 877093, 516638, 372626, 888300, 750736, 690260, 979038, 969162, 865245, 573032, 543772, 818466, 751373, 779417, 238544, 449671, 419659, 935734, 470981, 864914, 413550, 483861, 614717, 847343, 566587, 407027, 521417, 865768, 861383, 409193, 474228, 439084, 718553, 149671, 887993, 433020, 343758, 973296, 149014, 459922, 806487, 791281, 921560, 827374, 547037, 155199, 149365, 525662, 614308, 365900, 303865, 924041, 162445, 296902, 344600, 848088, 183637
702188, 702115, 231777, 232827, 353710, 917365, 866962, 524767, 648640, 608781, 925623, 521990, 157402, 936790, 143848, 105178, 361231, 400801, 972497, 966126, 264584, 980244, 244703, 946367, 946621, 932860, 102724, 276982, 326895, 125598, 749800, 672043, 832389, 121996, 462412, 173699, 425856, 880883, 930587, 677337, 351901, 843216, 355184, 886203, 425959, 430659, 904766, 697003, 853111, 297211, 577728, 334182, 269193, 166289, 715486, 229154, 410748, 853681, 553880, 753328, 211653, 530131, 470130, 524513
762544, 485768, 632989, 300836, 759221, 213072, 915997, 642125, 187283, 188840, 716316, 378002, 334828, 203360, 614954, 783535, 317564, 809099, 950383, 847081, 125238, 468432, 664687, 931503, 767869, 355165, 436377, 394429, 410653, 656603, 192908, 659130, 553060, 972348, 690247, 909058, 255552, 572401, 314059, 685342, 170773, 290136, 187278, 834222, 298939, 624211, 847263, 411784, 684274, 712308, 431473, 923194, 833955, 721876, 375335, 449612, 389013, 412899, 358042, 203553, 934697, 768313, 342314, 112316
982162, 183531, 912446, 323904, 463124, 434937, 131225, 916463, 519928, 489157, 113276, 304116, 851113, 925662, 954034, 263196, 316110, 228890, 510203, 973918, 294372, 885122, 763577, 772828, 156856, 679463, 563953, 675041, 665886, 986642, 258270, 293898, 427376, 188249, 742968, 870690, 399430, 771374, 913371, 148838, 267215, 939889, 944312, 849127, 306122, 525862, 569077, 997677, 895203, 266049, 835713, 806712, 351181, 500574, 523096, 772642, 406904, 296749, 862767, 789505, 802800, 580330, 533117, 786377
564306, 438827, 555591, 834413, 550571, 859378, 502534, 752517, 906318, 517506, 859990, 872748, 329682, 120111, 236190, 641665, 448198, 496110, 331415, 693677, 361298, 508555, 442522, 124004, 485131, 799226, 549291, 595556, 501650, 194565, 114908, 859131, 495627, 186596, 993279, 854213, 682261, 934730, 859564, 975730, 505674, 156764, 783467, 132966, 510804, 281148, 664511, 945690, 117898, 274052, 917264, 643713, 406470, 503727, 306834, 627813, 147525, 975761, 897783, 808559, 389818, 323334, 986446, 753861
744559, 900328, 487702, 474093, 296729, 839418, 721571, 207632, 704022, 901633, 382347, 984794, 126502, 226451, 277710, 504222, 275972, 279719, 987456, 703734, 840927, 746796, 439061, 433032, 143385, 456982, 786087, 177669, 640763, 690771, 347431, 457931, 178547, 585915, 419550, 881034, 582987, 714182, 486910, 144291, 991431, 100439, 856842, 789035, 506075, 227062, 537182, 612304, 649350, 195708, 747004, 363475, 266831, 602279, 724085, 498355, 538651, 557421, 688625, 208267, 704968, 690222, 272347, 845169
