575099, 908603, 701859, 283162, 665374, 375328, 102151, 667007, 913145, 915982, 962960, 665859, 923727, 557982, 548661, 349506, 838092, 709370, 990545, 760448, 827563, 887730, 551002, 327986, 572658, 678845, 261330, 117197, 700408, 803917, 498902, 589034
223687, 382988, 655252, 475315, 913693, 472472, 671865, 459661, 856108, 457849, 393416, 830241, 184800, 427451, 702471, 495529, 766913, 242221, 410580, 688435, 811534, 135124, 573684, 861525, 634890, 367756, 572652, 945101, 548307, 979965, 439337, 780627
285772, 466486, 522457, 574271, 354685, 307112, 455068, 702960, 303409, 300161, 122645, 109024, 961757, 648068, 118459, 717377, 633504, 930562, 348205, 335699, 548293, 524311, 612802, 416102, 598981, 633763, 288189, 430311, 638346, 589219, 170591, 453417
356110, 581099, 459063, 887185, 131075, 216451, 234068, 612125, 745036, 240539, 811676, 414001, 661607, 155788, 920053, 968800, 347310, 714637, 807104, 868724, 968691, 423886, 589765, 226875, 863433, 711253, 586761, 855310, 512577, 439763, 432349, 206942
140018, 239585, 612753, 300477, 850130, 887676, 985125, 302855, 448737, 492731, 137439, 884907, 188805, 419177, 552568, 454170, 804815, 630275, 887345, 360106, 513308, 156879, 661444, 649639, 970072, 395255, 123349, 671287, 569309, 763937, 655015, 445096
216218, 450188, 969163, 932665, 752975, 591401, 426835, 224642, 373588, 564083, 777668, 297888, 172536, 878669, 140714, 620577, 299015, 208759, 872581, 315400, 151909, 137324, 737153, 994238, 172856, 849851, 224004, 143797, 612674, 976416, 985313, 500666
377451, 987039, 703305, 592375, 913981, 360284, 743073, 708034, 843945, 703001, 283982, 762117, 652007, 537229, 628429, 692106, 992026, 558558, 566687, 643363, 229042, 517275, 653698, 444724, 687019, 441144, 978235, 175710, 614739, 507430, 163246, 422024
154185, 644142, 363920, 772683, 873697, 934538, 274516, 998491, 411140, 347521, 661730, 209870, 136372, 762461, 848550, 502570, 125356, 205323, 412228, 566127, 603398, 940782, 424489, 171613, 431479, 140352, 787036, 274403, 821301, 585638, 801684, 963782
265144, 555022, 234467, 503467, 883614, 934376, 466480, 957025, 859209, 609278, 590850, 470958, 591843, 509297, 578584, 852180, 878850, 831986, 825654, 991007, 900742, 593850, 915898, 461710, 633342, 936999, 810285, 328955, 657643, 943315, 302837, 254057
850941, 763250, 523270, 403593, 235417, 864744, 154521, 865673, 563772, 242244, 364181, 226169, 166969, 268605, 106185, 215516, 516350, 293480, 316219, 620360, 671285, 643123, 683227, 525561, 560262, 671297, 898705, 882520, 641498, 903907, 208182, 616643
969114, 507695, 848542, 774778, 151126, 247007, 188114, 594085, 545889, 565096, 454204, 928709, 614265, 738261, 364379, 904246, 147333, 513312, 236087, 806717, 580760, 586893, 811886, 920596, 898546, 123779, 696269, 580111, 981509, 477416, 556346, 955338
355924, 695128, 170798, 580817, 559608, 268449, 875744, 176619, 930012, 331869, 113596, 220996, 964488, 152845, 245683, 864790, 524316, 958543, 381452, 482451, 240530, 113084, 789272, 153778, 140869, 527905, 892579, 629811, 881009, 270871, 703367, 173041
964016, 398241, 834618, 933891, 681155, 773186, 433479, 881358, 845970, 225432, 969626, 684875, 915498, 568505, 933141, 832624, 639877, 760136, 324864, 547294, 651272, 751316, 247261, 283591, 372581, 188973, 792857, 306681, 429185, 988388, 869151, 238540
552368, 563039, 374151, 131651, 216668, 489141, 758731, 238690, 833157, 166540, 919641, 372717, 624706, 206444, 795781, 868697, 610405, 560767, 933142, 297682, 187581, 599240, 819041, 381415, 647477, 924126, 808979, 349973, 413914, 615491, 413607, 571727
599289, 674341, 529847, 735975, 179495, 994544, 520080, 265596, 525242, 176525, 387710, 953695, 212341, 967932, 566406, 238019, 724865, 595433, 565555, 634082, 763446, 793902, 764679, 812358, 996761, 128773, 598931, 688571, 201855, 507496, 104387, 323662
155120, 643239, 428944, 269793, 229991, 755077, 490521, 127470, 386133, 606512, 347756, 257301, 355718, 144411, 632861, 337668, 196635, 613978, 939353, 671778, 736758, 704537, 196565, 691833, 913013, 325752, 494623, 428926, 613173, 245799, 716182, 995197
565143, 507386, 824342, 820997, 236384, 435146, 696779, 466734, 924571, 771208, 924199, 317571, 125145, 962654, 197166, 146831, 598617, 934532, 893806, 333416, 296578, 390524, 789933, 259699, 598157, 279275, 859866, 649202, 825151, 100116, 703397, 332209
548564, 518642, 533707, 715369, 954712, 143313, 979338, 834382, 412814, 465578, 695571, 945372, 745427, 439482, 248125, 544505, 985053, 357117, 407125, 761350, 454846, 362540, 375027, 448391, 202788, 473361, 173193, 476045, 605026, 840386, 920725, 708445
933225, 174370, 735093, 261983, 520592, 521039, 401242, 102788, 465716, 451497, 888212, 952340, 299000, 528129, 448973, 185716, 460141, 377337, 340819, 226225, 288140, 341565, 683533, 817675, 615040, 202238, 355310, 551201, 506306, 187335, 568039, 370517
877212, 188926, 164663, 618587, 274543, 998297, 716670, 885219, 223887, 761881, 309423, 370177, 152779, 719464, 340388, 308917, 302539, 923755, 422475, 539004, 300243, 155684, 307453, 334323, 106212, 379942, 754095, 178882, 592418, 447285, 350498, 552269
982672, 959738, 452694, 947698, 831830, 908833, 273819, 234720, 113605, 591151, 801511, 337941, 463121, 183907, 444068, 683665, 120317, 511719, 239617, 963004, 518389, 849203, 414152, 934769, 458644, 641758, 859760, 397574, 409382, 352930, 944713, 851289
325448, 751563, 310740, 288888, 787756, 472316, 392021, 131469, 761752, 419518, 337185, 133764, 268014, 622917, 943314, 909595, 678150, 855458, 271993, 474661, 943031, 749694, 655602, 914458, 284948, 448506, 510259, 565279, 583923, 935520, 914719, 658445
731658, 797349, 358967, 923681, 234770, 219774, 875056, 418687, 122094, 741851, 152192, 392804, 910212, 641060, 451601, 788391, 169417, 931215, 367640, 458890, 331292, 245467, 801087, 287587, 194888, 468205, 957694, 952866, 270605, 855844, 232137, 716862
449945, 133627, 655587, 758528, 845839, 285914, 129520, 476075, 785513, 477529, 984711, 100423, 694778, 393043, 290855, 228809, 362444, 396770, 706433, 389664, 870408, 202717, 266003, 851519, 971861, 991403, 745076, 734498, 326295, 366626, 398955, 750270
721624, 681441, 913626, 198506, 136933, 593798, 555864, 525444, 221711, 670413, 353885, 859041, 663090, 638757, 172182, 275637, 560818, 562000, 876600, 874107, 511904, 762296, 811281, 241730, 997021, 309417, 376794, 835220, 115414, 197230, 839912, 486211
699341, 532876, 787106, 320850, 881304, 508277, 293549, 622942, 623107, 335210, 210499, 242792, 784912, 855056, 788195, 888064, 748543, 399469, 371425, 100046, 550472, 725215, 106206, 658720, 246533, 340698, 146610, 710219, 775213, 822620, 395622, 599552
974299, 581231, 813726, 342990, 366413, 847194, 935091, 183469, 341832, 628548, 326815, 211374, 946809, 651750, 507793, 825628, 920342, 257004, 862433, 765326, 130883, 185064, 329150, 598029, 605649, 771058, 479490, 463005, 981025, 505568, 338119, 436393
390374, 507742, 706835, 770287, 871816, 610411, 483534, 360869, 449060, 266447, 258548, 844423, 646033, 284604, 133478, 834527, 680445, 443009, 996539, 343279, 495830, 547269, 515348, 874237, 574149, 776614, 245421, 913500, 302357, 819342, 536208, 619923
483154, 577358, 605795, 940172, 471468, 419418, 709633, 640187, 987418, 480961, 880583, 135081, 446171, 266887, 673700, 255964, 239095, 146464, 818739, 977124, 514628, 113515, 509894, 660645, 186726, 458697, 621656, 821404, 709902, 896473, 575940, 907728
569378, 325650, 993876, 613271, 807933, 738300, 966930, 671234, 311149, 908747, 492954, 138661, 652731, 496153, 365168, 618503, 399560, 480606, 100526, 847010, 634610, 636655, 347638, 873880, 722838, 945136, 543302, 641235, 457039, 958007, 979945, 880118
146844, 103839, 887113, 440805, 758304, 839877, 608419, 646925, 737603, 351523, 169747, 176754, 703318, 865127, 910190, 956244, 155444, 159407, 830319, 833277, 331620, 357123, 374793, 692425, 984346, 205390, 151387, 250866, 595901, 366938, 652961, 694360
128355, 164008, 592583, 617353, 668249, 255081, 879353, 371986, 166335, 252092, 707189, 434786, 926800, 551333, 176546, 488983, 813087, 717861, 554906, 732232, 299548, 291612, 815683, 101838, 878966, 279224, 580219, 762704, 833339, 147672, 204209, 190058
