340480, 675997, 204952, 913890, 694155, 764843, 987861, 645251, 589680, 935535, 244993, 729702, 657174, 404640, 203748, 722015, 686806, 396710, 884969, 183007, 887680, 939574, 825964, 268030, 832986, 653383, 890194, 188541, 492905, 222997, 191827, 980251
988072, 193682, 287986, 718230, 388309, 898212, 285293, 150876, 893099, 994847, 293487, 996461, 472554, 741695, 517475, 416558, 893715, 181089, 602532, 604781, 218671, 446687, 823567, 326252, 583504, 416039, 684826, 500076, 614831, 282936, 911774, 120792
505939, 557016, 488559, 701642, 983539, 211092, 224300, 949694, 300083, 331060, 490706, 767953, 787723, 240218, 176459, 328117, 514854, 575320, 866884, 639988, 416677, 168299, 181500, 376478, 213219, 516407, 555255, 423826, 301652, 276960, 934643, 730885
756102, 745987, 335602, 193745, 946122, 793583, 174614, 600797, 850220, 784323, 806444, 432197, 626845, 535685, 931486, 868614, 795346, 846396, 511212, 685896, 568837, 146603, 729045, 135144, 744377, 844523, 198703, 777217, 794044, 980324, 535734, 563671
565797, 677959, 308353, 454368, 320508, 548426, 466832, 337070, 151929, 246561, 821602, 105149, 517988, 603477, 576515, 419766, 813787, 712516, 501506, 117534, 478899, 858710, 101024, 950014, 107862, 454679, 394852, 640175, 581099, 142901, 679212, 361857
791475, 353848, 324382, 550281, 788110, 503512, 854749, 234213, 567454, 209344, 830167, 889453, 218372, 826142, 323803, 588984, 277127, 398595, 773928, 225448, 534931, 806557, 747488, 736499, 385917, 793038, 125851, 989007, 273925, 587913, 462104, 427737
914612, 283913, 832846, 933153, 661157, 470958, 424225, 367734, 850656, 448533, 612689, 444394, 339073, 897074, 548460, 650657, 952855, 725965, 335747, 694780, 479241, 402294, 977209, 920028, 825747, 320358, 775192, 914293, 818798, 416084, 542014, 309233
627501, 702288, 903829, 444189, 551555, 174431, 141345, 839988, 441059, 958580, 777778, 594406, 731135, 287975, 873145, 827205, 627506, 179957, 945846, 112748, 993401, 929300, 895024, 517485, 735003, 937041, 410814, 195413, 973450, 979080, 763331, 971485
632610, 595711, 973847, 203632, 836462, 550080, 630751, 491412, 674218, 712913, 707807, 646903, 322082, 652721, 449222, 804567, 416921, 175185, 475143, 399214, 732647, 233260, 774856, 361177, 811674, 550469, 463443, 508131, 555613, 307452, 250794, 435410
917462, 586412, 850967, 926958, 966152, 237732, 144225, 447209, 270361, 953856, 621691, 132304, 328302, 644067, 651031, 891245, 521075, 998707, 646584, 153077, 340791, 234161, 408357, 343637, 688563, 666676, 625625, 221524, 505643, 875137, 283319, 547076
273901, 460009, 679866, 574987, 886839, 911103, 275787, 319305, 235573, 955796, 576460, 438917, 985128, 599473, 348369, 358936, 979714, 654672, 604110, 483381, 616397, 304824, 789227, 735764, 730411, 522419, 725877, 364442, 119512, 871309, 571662, 285127
743820, 985931, 264612, 563387, 371197, 996390, 899743, 856325, 341250, 890851, 551316, 466250, 271026, 308944, 373847, 875791, 458090, 315773, 214029, 258147, 626765, 355892, 389503, 480523, 945606, 172406, 639883, 895787, 430473, 186772, 598100, 597134
876567, 613671, 284089, 458931, 714784, 782700, 406211, 650740, 201635, 580351, 672376, 842355, 863953, 833747, 986701, 590436, 180688, 327116, 875225, 656145, 522235, 148985, 489764, 439854, 550535, 769745, 980574, 526074, 679328, 560521, 409004, 524942
861873, 543311, 399741, 649605, 321923, 484390, 208634, 759432, 511389, 848830, 468956, 359605, 275465, 872559, 913240, 990379, 578679, 869746, 530965, 518165, 196411, 969148, 266719, 184432, 446642, 134264, 256083, 362939, 829602, 975456, 420378, 924346
325407, 924728, 888659, 617831, 192073, 715367, 399721, 450614, 948531, 449362, 217700, 556259, 602527, 380375, 685627, 413082, 489156, 523747, 987655, 268514, 866834, 260048, 202002, 322183, 719308, 897695, 655630, 622402, 373204, 212365, 676291, 457416
465252, 512821, 519936, 205772, 930264, 562467, 161139, 362289, 602826, 154928, 856627, 485648, 787893, 618495, 190010, 478563, 895131, 390994, 120721, 717772, 116034, 214698, 313763, 714916, 714841, 667545, 905171, 431364, 899224, 387654, 836618, 497385
252901, 784124, 970824, 649160, 721523, 938095, 707164, 868814, 971429, 808556, 168782, 761970, 649137, 155388, 345690, 241978, 206623, 968437, 301911, 954023, 653040, 265405, 744053, 339390, 439292, 438908, 283686, 512211, 934995, 529212, 768627, 737012
805989, 845920, 955343, 503215, 547614, 801118, 131144, 762785, 512681, 252058, 764729, 410044, 999893, 882273, 709981, 671509, 362389, 499263, 248319, 449927, 520800, 578301, 119949, 949063, 119033, 153882, 341930, 209605, 682986, 741701, 633282, 611387
894729, 302964, 241752, 838965, 886013, 269605, 351324, 459486, 432569, 999086, 707608, 562755, 156102, 832418, 816009, 824197, 956384, 538115, 309163, 238145, 603927, 498047, 833997, 365812, 350453, 745417, 283716, 581133, 180895, 889844, 842684, 340563
201845, 367662, 498824, 413423, 314707, 703703, 977722, 933016, 480282, 921372, 667855, 607737, 767177, 595028, 450658, 348993, 186756, 394199, 990656, 139079, 551543, 944278, 251227, 854104, 558580, 194171, 913176, 113791, 241240, 536542, 361284, 335695
832555, 913376, 312739, 508272, 668422, 398600, 694729, 874979, 911023, 540920, 502241, 281748, 683104, 132843, 483690, 991515, 176743, 943149, 204162, 771439, 300454, 543767, 117243, 908776, 932249, 235205, 464682, 940815, 163191, 786422, 214718, 559588
963602, 585664, 887501, 662540, 517017, 329389, 781098, 154037, 256029, 575638, 913523, 785351, 613777, 381754, 669735, 885768, 154570, 311130, 414069, 798764, 144230, 632565, 594767, 743512, 282665, 797819, 129565, 778673, 191202, 813136, 404046, 616166
473132, 307584, 244906, 306487, 826128, 671417, 845667, 494240, 159848, 268905, 436297, 208805, 638718, 550357, 617788, 802300, 452435, 580531, 547324, 946194, 206396, 939140, 132093, 674683, 727559, 742385, 732791, 951834, 745883, 979521, 415033, 128936
927869, 424693, 808029, 687589, 927407, 758081, 467767, 439768, 310355, 707175, 852519, 160037, 343629, 766928, 768174, 734250, 182726, 235178, 168093, 262005, 323053, 975865, 994568, 689542, 700632, 479387, 608314, 304988, 918024, 621373, 249186, 497439
116554, 196947, 355339, 348682, 685466, 530456, 818762, 473043, 415906, 674338, 880400, 340280, 741921, 781056, 551487, 968775, 249671, 390676, 512186, 738698, 647835, 358663, 178933, 926125, 835647, 189229, 553323, 599277, 934860, 142326, 278766, 893631
426199, 244750, 419960, 149146, 321589, 506130, 822880, 431811, 311707, 739407, 929449, 638163, 237533, 894457, 824181, 549191, 205528, 384388, 288503, 662499, 699020, 984067, 872454, 972099, 394049, 971419, 603181, 181504, 373130, 890595, 847455, 534364
211783, 309210, 277800, 520010, 907108, 141764, 415518, 967036, 562367, 801090, 796182, 402283, 640039, 559022, 200596, 222493, 673024, 515952, 522010, 551350, 279907, 305504, 378561, 808029, 812513, 694521, 265126, 288297, 511688, 892085, 172987, 279337
243359, 866538, 133662, 496685, 609771, 847553, 873543, 230580, 942740, 298384, 305851, 585042, 188322, 542419, 496222, 977598, 616097, 280139, 500197, 625078, 139459, 344978, 470921, 884047, 650628, 561018, 472664, 355964, 778057, 754690, 179077, 521498
764834, 873012, 592448, 518327, 924238, 844478, 710368, 421917, 314942, 710763, 847676, 763102, 310194, 542685, 269305, 518013, 407711, 233897, 606366, 462167, 340818, 540462, 681315, 428364, 171086, 303763, 667912, 879758, 338321, 657885, 331202, 601029
193685, 598667, 695632, 788476, 177586, 157102, 175723, 397355, 452832, 657095, 856092, 180034, 939642, 203071, 384360, 457935, 645983, 339389, 860166, 256013, 839250, 195976, 348658, 603657, 752706, 748281, 451802, 448017, 562723, 648091, 385333, 413660
736123, 906018, 844723, 618672, 515161, 818341, 838446, 670996, 693503, 336986, 432672, 132882, 486368, 892237, 896048, 505608, 801956, 224860, 944964, 992364, 795017, 214546, 534522, 809754, 456100, 323006, 296817, 493019, 600005, 370287, 538626, 758931
888473, 186703, 522700, 449703, 361448, 738712, 672077, 129130, 617982, 999767, 101484, 628099, 730247, 502940, 305907, 335516, 564755, 170555, 171387, 889769, 534042, 452098, 383455, 523506, 602041, 588215, 611250, 763871, 462042, 870798, 593069, 148192
