438547, 844501, 885171, 977786, 432250, 588645, 900807, 847450, 747323, 773546, 812456, 434686, 524227, 825969, 907234, 652384
327047, 920372, 101464, 755661, 159022, 364718, 313369, 932910, 299595, 930487, 167570, 316849, 535111, 372161, 686397, 871417
215325, 949261, 831926, 984478, 389855, 297930, 443630, 546785, 122615, 848139, 301241, 460561, 930311, 284740, 564771, 788339
169682, 835617, 817663, 699570, 124499, 306755, 848191, 870435, 849227, 546968, 651807, 736371, 493369, 149590, 303900, 282671
585409, 260371, 766211, 823600, 886991, 553892, 277379, 380353, 120436, 848592, 367972, 135918, 263503, 449904, 860817, 542795
680200, 613254, 494161, 245438, 260693, 401975, 658100, 583530, 653407, 934119, 478985, 415160, 581151, 141487, 792108, 411780
263906, 217469, 532635, 123266, 503212, 735560, 119498, 458796, 709080, 497933, 264749, 584617, 789053, 849292, 499571, 480987
697965, 348793, 767698, 286372, 266871, 947647, 238685, 547446, 426412, 772535, 226514, 826038, 323007, 160129, 150319, 486604
652613, 569277, 882629, 208682, 232059, 446729, 305637, 601687, 444807, 465879, 483767, 290870, 631255, 130953, 369386, 880504
576774, 394284, 703398, 652090, 744861, 942670, 708092, 263452, 809110, 541214, 425343, 599872, 211035, 427583, 893964, 870491
101645, 318376, 297572, 390683, 835137, 489115, 459130, 160437, 816772, 526496, 329352, 692010, 554400, 120509, 761884, 848821
701974, 842388, 710096, 626804, 566539, 719033, 146583, 209808, 977984, 555982, 356371, 829098, 622329, 596350, 748932, 438340
935743, 856434, 560699, 751882, 123872, 209267, 434188, 678395, 673844, 287389, 141506, 900856, 254043, 815067, 387660, 304359
957634, 657349, 689813, 282788, 688965, 581459, 298962, 884485, 323310, 230237, 189428, 329608, 637755, 539121, 956829, 887100
593982, 468207, 690671, 923177, 194430, 408228, 580320, 191581, 471354, 293857, 300234, 271827, 587822, 297048, 328542, 259106
998158, 911059, 687097, 556991, 309935, 331665, 532655, 594032, 916293, 503581, 417316, 994031, 236615, 102316, 542394, 755223
