608518, 478822, 277682, 655286, 725042, 532221, 392944, 102094, 995153, 728131, 993796, 245948, 541270, 337234, 417256, 258646, 852155, 322235, 733415, 108206, 855845, 965887, 773912, 937633, 616807, 445607, 593863, 222364, 160413, 312608, 830862, 454251, 952281, 576822, 343396, 184927, 826587, 654828, 552044, 973050, 145656, 721270, 339182, 374202, 510685, 678195, 235074, 199200, 970445, 688682, 241032, 959677, 790086, 594495, 875029, 150808, 475778, 555122, 195912, 219998, 595450, 637365, 989979, 822214
507108, 192808, 954421, 275008, 775837, 924947, 288380, 339257, 311873, 373215, 535176, 383661, 479383, 532369, 379954, 105930, 120426, 521572, 280171, 310621, 286514, 978818, 130313, 574076, 302546, 692063, 444348, 965071, 357370, 150546, 329663, 922460, 341548, 922640, 503690, 685389, 631259, 643015, 513220, 890463, 623120, 605076, 933110, 582090, 429127, 237633, 140539, 572904, 388182, 749502, 731507, 135652, 162061, 271483, 782583, 499521, 899288, 866048, 103207, 658468, 917826, 316458, 606750, 108734
386836, 787618, 256391, 885082, 549243, 878682, 437097, 187264, 548904, 993639, 288446, 975971, 596624, 616022, 158817, 798285, 498260, 162669, 546310, 472773, 784091, 260223, 400547, 800698, 793275, 155210, 986412, 963631, 654134, 498257, 739485, 687011, 651137, 643313, 781456, 882204, 666304, 312131, 145870, 728655, 347661, 168749, 935906, 676718, 771864, 138725, 377929, 860366, 831080, 212291, 294214, 608500, 780992, 118785, 232690, 674204, 648316, 519282, 932336, 700294, 251898, 382812, 650879, 346941
793814, 132403, 994472, 488709, 506222, 273747, 316951, 728545, 656260, 786682, 280679, 539070, 675074, 793760, 681942, 196191, 971287, 932501, 656856, 717733, 834144, 810773, 204935, 493819, 422498, 359594, 665335, 819292, 489875, 588606, 342248, 313985, 132376, 279930, 877749, 116459, 423113, 836576, 582921, 408457, 151409, 870402, 582097, 137031, 701298, 971134, 836716, 173651, 692389, 502615, 422399, 105869, 454719, 515280, 738502, 935402, 532239, 618759, 286085, 124197, 716195, 768939, 120508, 986051
740266, 821884, 595449, 489825, 602133, 937950, 224615, 699196, 137367, 211353, 255268, 755645, 645484, 650672, 693808, 417119, 254101, 666460, 660513, 823902, 845633, 454501, 315315, 799902, 115463, 125373, 752669, 159573, 255888, 230872, 994016, 941750, 846513, 305131, 418584, 205979, 630710, 855776, 107829, 525998, 718139, 401651, 179651, 585716, 197075, 974637, 575333, 524663, 221516, 575738, 780000, 498350, 748330, 528681, 910771, 254283, 599215, 611103, 872229, 407680, 509756, 569592, 802039, 345743
891633, 904316, 246968, 164557, 625520, 195770, 816791, 651698, 714208, 546052, 462067, 434368, 660397, 739366, 854575, 875278, 995085, 572196, 201473, 537936, 572830, 351151, 257705, 405156, 484618, 407395, 581471, 788283, 335500, 647456, 663717, 629473, 952685, 228355, 820891, 843116, 480935, 284289, 565842, 639869, 298347, 606207, 570168, 424086, 615613, 520753, 754034, 225817, 397021, 797613, 327144, 436856, 412609, 807051, 412313, 692222, 418045, 932796, 657872, 934200, 136549, 390339, 378894, 636290
673641, 276596, 782599, 456426, 924159, 104808, 505993, 472195, 825023, 802682, 154934, 238409, 403591, 955233, 588275, 896043, 701215, 638827, 362136, 254810, 293687, 630386, 116680, 192396, 630572, 605181, 117851, 784429, 949481, 863254, 277367, 805476, 883146, 851875, 576542, 716285, 557244, 490947, 495232, 769464, 827937, 171272, 878224, 507053, 467695, 367179, 671380, 863513, 303224, 535152, 947383, 244554, 294084, 537463, 197849, 384004, 814586, 832028, 594694, 254893, 204574, 228684, 809315, 555259
433940, 621348, 650372, 122328, 754851, 795847, 778171, 319631, 345748, 575196, 809228, 370390, 188665, 386402, 172988, 311991, 401067, 204497, 576743, 305277, 575468, 411375, 528912, 666935, 448556, 325579, 805331, 708524, 337766, 133241, 464023, 522972, 193194, 885163, 676479, 651471, 834422, 867144, 596735, 623964, 683229, 453355, 813388, 285240, 854410, 697595, 237036, 573337, 146909, 948226, 829485, 748901, 405299, 693805, 126641, 659228, 679077, 408639, 613223, 521215, 241159, 546226, 911541, 935003
725585, 394795, 106961, 867670, 182106, 751128, 595727, 801205, 215071, 177289, 308341, 675431, 728548, 545289, 749098, 570098, 446033, 691063, 432268, 212344, 125758, 344229, 929377, 104325, 518377, 150924, 245510, 128856, 130340, 840970, 676419, 752140, 576332, 142746, 752927, 673697, 781907, 115086, 506608, 891564, 359711, 409610, 177738, 738136, 868332, 485216, 550073, 238999, 224812, 717988, 605674, 513513, 543983, 722796, 960515, 532743, 544382, 508614, 189907, 604845, 301184, 128086, 932484, 144706
994144, 687434, 860749, 687013, 269766, 902587, 458852, 353333, 646753, 852898, 953969, 566045, 174022, 676725, 465757, 953243, 780562, 144285, 223881, 385964, 685451, 556949, 737659, 703605, 203653, 261761, 347764, 918672, 870785, 817033, 562397, 875793, 139664, 198512, 212639, 574004, 272629, 456021, 456945, 877574, 668872, 434661, 142412, 390732, 454934, 739835, 448187, 242067, 298502, 282582, 857006, 593781, 586903, 766325, 469262, 351525, 900549, 556785, 515915, 655799, 807850, 127703, 972848, 281583
117473, 421025, 575128, 590084, 123397, 702895, 848474, 775281, 629208, 351943, 345408, 987128, 476000, 549575, 349206, 943699, 385196, 928579, 830365, 521337, 903349, 120447, 345983, 393224, 701823, 744938, 188221, 873333, 878047, 946677, 174531, 657870, 877238, 843631, 804573, 696392, 377211, 462206, 957860, 484522, 673238, 348220, 180593, 255797, 606537, 396844, 142290, 486382, 403689, 307287, 193434, 679754, 585450, 754696, 619538, 910581, 582170, 376800, 940621, 329566, 749891, 168086, 866810, 563811
701940, 367439, 402450, 998708, 870905, 863637, 762129, 884647, 846950, 633592, 813410, 113496, 531283, 621150, 156467, 755642, 288641, 458088, 878696, 519070, 538267, 186370, 610859, 240574, 632376, 341798, 350337, 983911, 811804, 962799, 503511, 946337, 852670, 448085, 825787, 495677, 798276, 605065, 815976, 926682, 675979, 573742, 202233, 959635, 280003, 673394, 109438, 538664, 915991, 311112, 817356, 775336, 934026, 138084, 603855, 590712, 775709, 598354, 114939, 854338, 200653, 963027, 198016, 947197
831321, 103828, 429148, 832885, 381345, 619117, 384266, 209175, 103754, 385716, 341304, 422108, 870302, 454299, 936438, 454927, 101680, 167852, 177642, 474364, 508157, 395839, 219425, 799734, 363278, 481750, 556512, 645221, 943354, 628086, 276760, 283499, 583496, 895010, 849176, 433554, 706482, 879925, 291132, 766452, 448710, 669756, 312516, 924293, 818054, 497358, 101951, 762049, 220303, 778761, 178214, 166638, 456502, 788905, 324133, 167181, 895854, 918983, 974740, 516323, 106183, 858285, 586500, 792638
853904, 189650, 135156, 333190, 971005, 339062, 627459, 218658, 671460, 949851, 240672, 767908, 695649, 241886, 423518, 784370, 338361, 452113, 273219, 822642, 583099, 740854, 371968, 415665, 173730, 304986, 219674, 220304, 928216, 404427, 217286, 234379, 896437, 365815, 754836, 327335, 382053, 996003, 140354, 521656, 128327, 697509, 853810, 986092, 523249, 339903, 112982, 782168, 700145, 929049, 679751, 692061, 383726, 956857, 160628, 554710, 520206, 385825, 895192, 117856, 493297, 461925, 513796, 473670
573210, 230951, 829916, 586792, 313101, 634257, 213726, 607624, 569428, 200718, 697948, 212338, 142459, 647462, 558763, 441701, 959036, 259061, 158708, 737857, 145429, 714854, 871847, 593647, 938773, 654225, 533072, 308519, 886134, 542286, 135074, 887906, 604515, 849044, 581391, 471486, 878171, 324723, 232730, 627399, 119342, 212362, 573251, 652360, 272068, 218982, 347585, 726030, 148861, 135992, 707247, 436116, 849107, 745810, 562717, 207024, 456507, 282878, 797767, 806426, 319627, 294618, 518978, 671284
760565, 931924, 104562, 509915, 734737, 762013, 239322, 234473, 671514, 396653, 308267, 606403, 811599, 353332, 141693, 128422, 615129, 756504, 786395, 518057, 488075, 315952, 851736, 179887, 784805, 122908, 145440, 333611, 315508, 724638, 276810, 429008, 536852, 820153, 550121, 195477, 535157, 349764, 602498, 685185, 399835, 322315, 306519, 794488, 747071, 873731, 744578, 900994, 751731, 553512, 943902, 892276, 722403, 379861, 561534, 940158, 784567, 938238, 579105, 889072, 621621, 543565, 263709, 737769
136707, 966424, 107864, 664734, 670314, 620795, 397878, 247876, 480182, 133656, 412941, 330202, 935386, 212231, 824084, 538773, 550352, 384795, 337658, 276457, 383806, 955668, 787123, 856433, 881428, 888762, 892620, 637276, 680626, 432764, 175456, 728788, 106663, 972069, 974467, 325260, 902036, 638967, 503867, 481061, 465614, 837575, 119951, 364733, 641858, 826133, 822136, 522645, 120756, 980231, 107188, 845789, 781728, 636513, 102585, 937342, 750849, 467650, 410790, 254179, 471823, 638270, 421045, 900645
609827, 556884, 742125, 932722, 965718, 850347, 887028, 149497, 504232, 103054, 426082, 915925, 870845, 586273, 723728, 548532, 705538, 846078, 660176, 652482, 476333, 454929, 480726, 861719, 338785, 869228, 332787, 376345, 202512, 181064, 690850, 742095, 252060, 704089, 924091, 150244, 361718, 687148, 573222, 594804, 227048, 989151, 336138, 596503, 569646, 213597, 643363, 700998, 402238, 258709, 156113, 647534, 805512, 170903, 714669, 530480, 850329, 476394, 375447, 576755, 188826, 929932, 682314, 417383
698997, 585767, 446353, 207959, 455319, 766252, 389715, 878570, 627569, 821968, 162954, 745557, 190905, 705855, 690866, 478497, 543437, 399041, 843356, 142772, 607735, 776391, 468770, 296479, 324876, 831442, 534357, 139939, 737039, 941025, 953938, 925057, 193043, 796148, 729043, 910237, 492509, 911586, 460353, 843534, 245991, 367411, 517863, 528389, 242753, 676091, 201827, 363031, 253395, 496532, 269397, 471368, 902685, 741750, 851610, 499702, 879263, 742774, 426578, 782047, 581652, 425400, 704093, 972112
563097, 732658, 150340, 245004, 360812, 134591, 722644, 183733, 561455, 249149, 524773, 417593, 833932, 717732, 747417, 576060, 511731, 308227, 850208, 855934, 233150, 194968, 863576, 265993, 553781, 922187, 903986, 788474, 556653, 101511, 512719, 421641, 581420, 903063, 183754, 104246, 216872, 538554, 446958, 514482, 456205, 917090, 535528, 764519, 372061, 146894, 261656, 327877, 391761, 627489, 210913, 444267, 530110, 559167, 370304, 592878, 509811, 210885, 380953, 327240, 654367, 141090, 689612, 372160
133359, 678485, 583303, 726737, 140853, 350212, 359413, 333082, 536868, 473622, 719828, 150082, 322296, 353038, 995236, 553222, 376946, 378724, 450939, 967137, 540961, 590210, 583414, 880663, 995741, 368760, 632650, 230877, 704908, 583612, 901945, 957608, 466919, 972513, 109376, 901008, 990295, 106035, 186988, 450433, 693049, 968621, 158316, 756767, 704673, 546967, 570434, 589427, 113626, 888959, 649684, 431030, 513643, 137970, 330623, 336184, 817334, 317815, 171211, 505006, 408634, 962409, 410265, 801046
667768, 817136, 702488, 621352, 299026, 267674, 837143, 409594, 416815, 537754, 622806, 123760, 584540, 431645, 713525, 893631, 645644, 863654, 427470, 598333, 409312, 558661, 171518, 921830, 939906, 350744, 398174, 887181, 520011, 960990, 965488, 385245, 803397, 497460, 599605, 356907, 824586, 773838, 366971, 958907, 355723, 289427, 414388, 388683, 499789, 419413, 971937, 833343, 750669, 506668, 183501, 855306, 140100, 418127, 315287, 693557, 313190, 942702, 947368, 567024, 788261, 572206, 414370, 442387
623538, 634210, 527289, 157423, 975299, 372290, 154139, 630293, 912272, 802315, 403146, 961506, 817656, 190259, 125259, 548775, 940160, 258919, 418039, 698321, 933531, 278882, 251407, 133241, 328006, 560940, 604076, 772969, 912938, 431022, 833268, 617257, 576900, 457709, 824841, 919270, 167617, 420971, 588187, 821183, 276899, 457077, 607518, 417771, 208193, 447433, 979094, 692298, 597514, 183081, 368046, 558822, 454729, 643541, 302409, 670021, 762917, 677640, 118416, 953006, 641824, 435665, 254025, 707414
204287, 611403, 509672, 590022, 295816, 536539, 285632, 816203, 454567, 227719, 560786, 744121, 700140, 628590, 687366, 735901, 394318, 434279, 561656, 446557, 775411, 483865, 202185, 414222, 344455, 633428, 989334, 772979, 916457, 676971, 718150, 166156, 166278, 332399, 270780, 884226, 468445, 428393, 985164, 559661, 228673, 637939, 200875, 250305, 337117, 714259, 593952, 890355, 293841, 556693, 731382, 447883, 578651, 542564, 663667, 729320, 246385, 500325, 364835, 606986, 141739, 970577, 153933, 915168
225278, 312493, 391879, 984910, 771586, 947399, 372326, 420635, 451252, 613614, 529037, 366197, 412440, 477390, 180742, 876033, 320055, 869927, 200879, 193283, 648806, 335178, 673932, 283782, 773607, 346319, 792699, 665480, 272360, 582838, 769284, 718085, 714954, 732440, 698862, 625471, 198876, 101865, 798735, 190599, 666725, 932972, 375484, 790826, 324385, 779282, 655166, 672731, 326467, 546705, 161254, 494425, 378968, 112126, 144087, 988125, 232268, 319495, 871073, 562626, 321414, 306766, 347374, 831025
549582, 245893, 104213, 957287, 741039, 406467, 112556, 557318, 400312, 321953, 384859, 426421, 291836, 988340, 325900, 151956, 814137, 313031, 153630, 286913, 510742, 184372, 253880, 782912, 798981, 777182, 853338, 954059, 187720, 335470, 643536, 614037, 333360, 203881, 477632, 544892, 827712, 147466, 120002, 796811, 110800, 898209, 974063, 227977, 543213, 496167, 685330, 541058, 802334, 856029, 961404, 473391, 678978, 625601, 883796, 510084, 396373, 407627, 896235, 401334, 236145, 381834, 234028, 537768
313393, 494358, 862674, 699697, 810545, 648178, 507125, 303211, 989745, 274752, 560860, 157978, 727417, 458368, 198454, 102518, 913782, 872487, 621316, 706935, 154241, 890840, 807277, 315101, 651393, 111137, 551573, 252058, 731239, 597589, 782408, 481852, 461592, 204065, 185009, 624922, 582248, 318029, 639815, 207769, 279744, 399666, 615782, 756636, 318178, 947154, 411099, 875911, 227012, 474136, 380697, 856558, 904696, 858765, 557866, 272671, 839820, 520916, 864735, 664936, 309389, 740515, 959656, 797702
171302, 799230, 624927, 162603, 320551, 181745, 427870, 568459, 300769, 502634, 897393, 178915, 307725, 212305, 852006, 822439, 728844, 549990, 404353, 665831, 941257, 492341, 585388, 904925, 482715, 405399, 600396, 903349, 898631, 686312, 894478, 359257, 480962, 377633, 497824, 388280, 966227, 314130, 632669, 663187, 248407, 959294, 965568, 805572, 390079, 237586, 435994, 779307, 384915, 703651, 445854, 724438, 384058, 421251, 705305, 555883, 696369, 955552, 327871, 486422, 833593, 925081, 932096, 600138
261550, 152094, 147994, 505878, 646161, 451203, 920680, 106437, 716519, 449824, 794488, 962481, 655674, 487272, 910043, 500326, 341149, 327556, 984821, 816495, 722861, 911852, 906292, 296735, 841363, 990145, 111677, 610493, 781607, 969770, 521313, 951341, 916590, 392745, 384975, 124855, 144931, 423288, 980708, 767639, 640852, 917126, 108925, 336000, 220899, 270152, 285997, 506349, 826925, 239613, 412265, 167334, 137160, 524323, 228961, 832683, 894309, 160464, 581834, 128096, 627476, 930990, 975478, 348981
776775, 668021, 516868, 621201, 470511, 200934, 832244, 345659, 101667, 566402, 524019, 229316, 787199, 137029, 163348, 723828, 242024, 822179, 865568, 363279, 993869, 588157, 873892, 724260, 751402, 523935, 894921, 713682, 126022, 187449, 596321, 544471, 476317, 491608, 773373, 976919, 237656, 977248, 784988, 746917, 529079, 335401, 610237, 227409, 102384, 781235, 107829, 998606, 108785, 870600, 191388, 457311, 700930, 154156, 313506, 297629, 754662, 335427, 452863, 537799, 225856, 939103, 788040, 833799
138387, 919044, 662270, 592669, 927169, 295771, 171232, 270570, 218357, 353231, 607104, 459611, 335164, 909127, 352787, 345008, 775341, 415168, 196578, 127592, 556746, 408167, 815006, 381931, 699038, 503696, 965297, 226132, 877286, 923222, 452495, 889240, 676877, 417583, 731978, 807831, 346512, 583946, 145765, 326238, 266176, 953480, 564000, 816055, 700933, 358869, 221779, 308526, 785951, 799809, 525142, 923776, 508360, 732383, 101757, 435618, 878550, 585626, 255201, 445227, 829692, 180463, 454520, 159231
674544, 434763, 331079, 961017, 998983, 995649, 109582, 729877, 396701, 728744, 615265, 278071, 333489, 325679, 792183, 743675, 649580, 550526, 304956, 349818, 918050, 377451, 891137, 352661, 984369, 643733, 286099, 889442, 862087, 165632, 804841, 556208, 391936, 342125, 928631, 127192, 688844, 377557, 399231, 763010, 477807, 250147, 962247, 589905, 226242, 400779, 329093, 123692, 228408, 137067, 971479, 716330, 556891, 280252, 189072, 423161, 519924, 426996, 170893, 543627, 421385, 875740, 545797, 376126
787296, 508457, 827678, 658759, 735010, 497402, 336445, 844698, 927131, 733932, 975189, 940600, 768414, 984093, 260225, 781749, 755397, 620571, 179468, 447684, 224982, 445320, 810093, 139234, 584290, 711181, 933073, 748924, 708327, 390040, 569137, 693374, 101845, 315475, 274146, 637850, 335149, 890402, 890570, 715920, 939076, 105753, 702064, 587200, 318024, 543352, 572045, 265769, 973690, 896324, 622495, 473117, 945817, 570050, 205021, 806243, 996511, 182611, 482276, 209704, 605701, 276423, 889455, 183588
337794, 639519, 993509, 732581, 123888, 120419, 901293, 371290, 121775, 840956, 828060, 775549, 651619, 946960, 346927, 244893, 186809, 522488, 458708, 292711, 356487, 900831, 195938, 782961, 297009, 697785, 195050, 652676, 603271, 977085, 766053, 223747, 418092, 670017, 886380, 382748, 232369, 861169, 550631, 852233, 320416, 173643, 813085, 747683, 619989, 610554, 301386, 442117, 432582, 411244, 528047, 190904, 186500, 682034, 318787, 743424, 424505, 699028, 308070, 261730, 150545, 527855, 878550, 136528
222550, 448685, 606587, 436659, 154483, 922975, 175102, 420212, 448634, 830776, 525207, 665063, 113313, 217321, 354658, 887764, 749638, 420372, 857459, 659459, 567028, 121456, 226081, 102307, 559358, 395289, 114686, 966840, 704360, 420304, 250919, 744639, 891237, 110902, 276150, 768350, 334586, 783233, 278101, 909645, 275457, 367768, 972237, 752987, 228522, 501073, 727292, 250079, 467613, 458181, 792165, 118908, 279707, 430380, 244417, 658223, 918498, 729786, 744980, 537624, 886062, 835893, 565755, 622243
600476, 829586, 986529, 180530, 978250, 662411, 900688, 293577, 402075, 861824, 345604, 726261, 851766, 986727, 770075, 582874, 324526, 225361, 847625, 629335, 601277, 829146, 275752, 687960, 236905, 927276, 379981, 916504, 471880, 219121, 957782, 950705, 942592, 179475, 853119, 936962, 617191, 771059, 958003, 661755, 728745, 157698, 591296, 186984, 806600, 211774, 610403, 154072, 656926, 148172, 987555, 554345, 269533, 345583, 620762, 591345, 500696, 313699, 463853, 393003, 387227, 422713, 197596, 809789
176372, 820271, 419541, 364226, 646293, 353290, 115843, 695096, 260593, 205811, 416996, 434408, 900932, 735979, 739673, 624014, 200848, 634092, 957238, 928836, 281601, 346238, 580569, 766927, 532146, 599091, 455895, 428325, 105257, 660992, 238290, 256826, 848573, 434776, 102599, 164678, 865752, 215750, 485699, 287156, 636247, 699942, 187926, 150697, 706990, 750305, 356480, 400879, 798248, 655268, 308295, 810782, 378925, 391292, 760427, 592998, 928220, 565584, 274864, 673915, 363831, 217050, 952315, 519325
120734, 114819, 352440, 600674, 513556, 285754, 876312, 860099, 299134, 158225, 458872, 913216, 521802, 457717, 432604, 251536, 281548, 683368, 311450, 558826, 697283, 975100, 555539, 670249, 698202, 385965, 219581, 309471, 252138, 507164, 898523, 630265, 746908, 824196, 467854, 124587, 266605, 193275, 827204, 811320, 451371, 805607, 547759, 931775, 346236, 851322, 449265, 469381, 430941, 619531, 495347, 855516, 503528, 888530, 469653, 602477, 774959, 461792, 398207, 971175, 619492, 284537, 895798, 260483
444123, 958447, 712299, 476307, 334055, 660092, 986157, 489159, 539617, 765019, 394463, 265244, 277256, 582628, 608996, 313954, 807938, 128546, 673366, 509192, 631936, 315987, 683094, 540806, 272479, 661244, 815581, 950310, 200971, 665701, 859569, 606319, 511870, 359640, 301428, 461136, 252006, 796434, 983126, 582918, 207173, 431779, 641035, 710282, 284146, 861736, 417784, 560378, 963548, 666242, 296486, 968802, 223631, 541650, 371800, 464071, 935279, 941940, 738393, 483984, 848865, 345301, 512207, 861777
609738, 968243, 407693, 364341, 755950, 410447, 931748, 938183, 888730, 258577, 951896, 571325, 665246, 327513, 440945, 200450, 139058, 492861, 175912, 346302, 180089, 119332, 706626, 291909, 483139, 740797, 749241, 263417, 248268, 319069, 556309, 176764, 769602, 577171, 671033, 844214, 867140, 633962, 176346, 341183, 809733, 291003, 155435, 219049, 590544, 984299, 512915, 606381, 339558, 316136, 966336, 974001, 856194, 753436, 754581, 664819, 447710, 648844, 896767, 652565, 938478, 260591, 187269, 118085
115018, 721038, 706525, 510855, 425898, 266741, 252060, 559265, 261098, 177171, 152613, 395491, 821004, 361427, 555363, 727953, 536540, 685751, 920850, 567598, 565487, 894478, 743991, 956934, 789989, 885779, 383727, 591608, 351245, 722626, 237925, 665567, 115175, 571350, 454590, 834396, 789797, 902436, 339534, 634050, 111243, 215310, 321837, 109533, 850230, 286437, 465572, 652319, 523129, 431966, 119073, 838633, 192258, 260175, 449835, 592242, 805883, 259495, 153039, 643479, 922124, 675847, 444248, 227295
946045, 446785, 379101, 173546, 409593, 803851, 198133, 181654, 609839, 489920, 736102, 277165, 955570, 646516, 813146, 131822, 418496, 543057, 136114, 465462, 348544, 505682, 339221, 357035, 249124, 758044, 942561, 723365, 402318, 306740, 124867, 324569, 502447, 998593, 236993, 848035, 855563, 196383, 344660, 543696, 377912, 460349, 941811, 986694, 220613, 134708, 305098, 723504, 888438, 317732, 535690, 595401, 472558, 870348, 389881, 632164, 107686, 213990, 637866, 107734, 758105, 116445, 369064, 712321
184610, 792843, 583180, 182333, 919709, 459828, 961551, 963621, 942506, 676313, 139193, 992380, 534417, 696921, 128439, 845690, 584319, 505418, 767594, 356342, 937422, 188080, 434204, 290706, 730242, 711896, 697518, 959038, 807216, 966164, 618477, 634666, 902937, 618739, 796036, 244203, 686612, 171068, 499626, 630153, 155818, 592999, 335068, 482083, 994843, 398296, 226565, 431807, 430878, 541657, 542169, 650482, 717701, 508819, 561825, 531784, 108031, 504680, 805265, 693457, 808215, 570704, 357270, 583208
604441, 542829, 885355, 236289, 629205, 177837, 775722, 162415, 891580, 627581, 431807, 506031, 674151, 392261, 987736, 783028, 695928, 616643, 941817, 470096, 619064, 401863, 494925, 694267, 704863, 291337, 312982, 484451, 101298, 922210, 365189, 792369, 770214, 256589, 991941, 549844, 124130, 959835, 901362, 213132, 295107, 586381, 592423, 865140, 852218, 372466, 865461, 601805, 198224, 977246, 158575, 615556, 978313, 231939, 905730, 157567, 409830, 832462, 845123, 893001, 505860, 629344, 644512, 468279
201859, 520839, 484152, 522422, 473793, 649849, 469830, 811603, 674116, 931565, 703481, 374919, 562966, 612950, 478271, 724221, 626154, 725692, 852383, 437282, 363038, 673720, 859558, 573255, 389113, 798220, 875674, 197174, 467603, 886654, 442570, 954703, 291540, 201647, 627814, 972189, 566228, 662363, 908875, 943002, 377794, 167535, 699670, 423515, 461248, 507522, 192346, 784185, 394604, 884434, 435405, 306974, 190681, 328029, 445341, 683785, 158587, 584920, 550271, 715677, 278754, 775726, 913576, 150764
468414, 870361, 656884, 121723, 390721, 198518, 310052, 751091, 518530, 550504, 971749, 356292, 715517, 579148, 332587, 641845, 581815, 677812, 762589, 502092, 845344, 976483, 304649, 137430, 973777, 147684, 280824, 918164, 580533, 963847, 330748, 765699, 943140, 778776, 180998, 431142, 874890, 222077, 970869, 608082, 996359, 519661, 765065, 467126, 606479, 757736, 527477, 525605, 635250, 508822, 728146, 734081, 301429, 174304, 175248, 557637, 856959, 269029, 752583, 825742, 907920, 983482, 666668, 490824
547019, 333026, 477408, 302481, 128469, 748229, 680866, 944396, 749718, 182320, 930629, 770949, 167900, 893321, 280508, 244028, 693918, 307404, 984625, 904303, 341246, 377799, 485973, 141288, 557960, 543535, 952785, 796352, 914775, 325629, 507580, 592174, 467319, 606121, 838053, 229873, 639365, 403393, 989680, 410965, 641618, 971622, 334078, 832069, 749734, 719427, 160932, 189326, 692290, 953706, 273566, 158444, 481342, 930125, 851676, 413268, 419408, 631126, 813626, 622364, 824910, 815876, 905102, 187658
544523, 434754, 101019, 184504, 945597, 746918, 349858, 934145, 608608, 860099, 698936, 837259, 758003, 104651, 453778, 427089, 282559, 989220, 656732, 581195, 309144, 345253, 197482, 775356, 222845, 842798, 140326, 343864, 796217, 769730, 827304, 761232, 251308, 389346, 835236, 163611, 624931, 745542, 725308, 219523, 974083, 742010, 942358, 793802, 531462, 136180, 743657, 132311, 791324, 755726, 591633, 524000, 726450, 768452, 437826, 627765, 277648, 196843, 855417, 872263, 828988, 247019, 796237, 777939
480605, 808219, 625924, 974255, 727674, 362584, 790851, 817520, 744512, 824385, 343294, 574197, 845954, 326130, 577965, 658836, 272603, 671163, 129631, 274975, 374287, 569565, 733864, 734067, 154351, 505632, 379062, 615133, 487291, 136500, 708482, 452328, 848098, 823266, 684353, 981127, 259878, 265293, 482938, 568699, 468122, 986827, 872306, 347458, 173805, 313338, 896579, 353214, 599040, 947777, 636331, 858109, 928147, 143620, 120128, 395241, 293470, 983843, 507362, 178670, 860763, 304944, 860393, 803267
691233, 951627, 219965, 854551, 877002, 746939, 806885, 427226, 360150, 464491, 919223, 244485, 369001, 491743, 220814, 222086, 198512, 700018, 203737, 711116, 689057, 678830, 860495, 565228, 693312, 268998, 393985, 685838, 645118, 827379, 254472, 576599, 146171, 693321, 538718, 284403, 260684, 367062, 909736, 884158, 876088, 285367, 447856, 326384, 140124, 248694, 545362, 109411, 628911, 860131, 286572, 625282, 183391, 915566, 393528, 390064, 673306, 516287, 278838, 606737, 826601, 732754, 245026, 703257
253975, 594898, 638374, 810575, 905967, 106449, 162472, 365118, 729475, 447073, 101379, 750392, 569193, 780786, 140435, 892615, 347392, 665256, 873770, 829362, 140272, 854488, 417824, 126888, 383599, 487456, 454663, 604652, 366912, 145216, 797660, 178045, 297558, 302681, 144473, 766528, 893527, 940288, 124200, 478732, 747003, 246078, 265586, 542514, 930836, 203271, 704054, 306823, 768743, 190581, 875317, 537360, 657592, 524833, 254153, 899113, 271940, 279390, 347958, 510674, 763144, 924466, 204409, 206582
698687, 349329, 377853, 377753, 952232, 626040, 381100, 241341, 166278, 566562, 633762, 649521, 675616, 584170, 942782, 271671, 836457, 181054, 273202, 587536, 300347, 867261, 147609, 198759, 329532, 948653, 352296, 881302, 604419, 487259, 430941, 987385, 947636, 264592, 246484, 502253, 392230, 925836, 901945, 899652, 467109, 134273, 964023, 930377, 399219, 259375, 484367, 793354, 179146, 581975, 287716, 549063, 218397, 158623, 610067, 843189, 265244, 308417, 259617, 933678, 321782, 893392, 766572, 231289
707353, 148296, 817923, 160530, 412021, 145488, 884721, 566134, 367486, 866511, 601781, 777966, 772016, 186920, 138957, 973045, 532493, 637332, 577041, 134375, 912898, 420475, 190076, 211720, 736776, 972302, 213092, 247438, 534790, 794595, 475531, 265068, 386771, 471310, 299726, 893115, 692409, 671545, 917947, 332231, 551189, 719808, 931167, 545652, 223675, 814955, 772093, 488652, 362903, 283241, 732059, 793638, 924046, 934917, 313878, 702035, 779363, 568712, 456086, 527848, 524053, 617099, 718333, 170499
368485, 838742, 567768, 154781, 413494, 443194, 418616, 947147, 858189, 448200, 773338, 889680, 320856, 974412, 409922, 564706, 922091, 576425, 289991, 520567, 265605, 927826, 286567, 801068, 309681, 418435, 484443, 419217, 451432, 737914, 970630, 629653, 856532, 162868, 816999, 452650, 742192, 907752, 686734, 907157, 759531, 495674, 364682, 865460, 649003, 283486, 609024, 119372, 354318, 268746, 761497, 269294, 798987, 975766, 766259, 259333, 272567, 986514, 614999, 761342, 587940, 231268, 215946, 149012
565956, 131004, 331165, 341112, 377387, 188982, 914463, 641306, 542162, 748268, 480019, 637814, 172760, 876821, 489276, 463101, 469155, 667710, 505524, 798943, 868580, 163940, 349340, 928786, 452249, 560907, 739182, 865410, 374827, 539581, 233998, 409941, 408568, 935938, 703903, 324153, 980075, 644665, 564690, 195053, 314727, 718449, 737593, 914281, 198595, 297446, 764025, 841706, 730415, 741147, 637758, 349374, 313108, 884176, 357672, 920488, 871674, 903520, 990947, 963761, 374147, 714586, 162901, 716236
409812, 532122, 162449, 849091, 846676, 716868, 606088, 541123, 121421, 307388, 416351, 357793, 316048, 897060, 686139, 249319, 179797, 591507, 103161, 975455, 952704, 551246, 873338, 227675, 123646, 784646, 436284, 513695, 536143, 952175, 775204, 647884, 952638, 638072, 464726, 724073, 183691, 522411, 632071, 355600, 325865, 434114, 967594, 606066, 775779, 248132, 722183, 467528, 893050, 741627, 212938, 328855, 917418, 608275, 244535, 799455, 261130, 133170, 126107, 875136, 205170, 209966, 425917, 413802
517879, 984655, 124212, 876031, 256338, 986979, 885298, 502983, 172223, 873367, 760926, 437648, 128000, 764345, 109759, 890752, 868961, 873767, 165716, 616601, 922519, 901427, 282401, 665447, 730050, 672054, 885188, 242345, 678930, 506029, 881670, 892537, 890021, 185685, 897485, 536186, 491374, 750239, 835245, 490269, 614450, 911279, 839038, 642800, 783243, 416503, 812169, 312388, 987343, 345515, 714909, 390809, 430507, 460033, 151006, 343752, 430441, 906087, 900957, 965836, 569745, 465728, 572802, 492078
886508, 278300, 432262, 693036, 337539, 951091, 526749, 726214, 906438, 977054, 353968, 510212, 247977, 689491, 434217, 313543, 647016, 293563, 202055, 795051, 212747, 495057, 113682, 914325, 938340, 656537, 230088, 128351, 751861, 929594, 824694, 761149, 921615, 932826, 774338, 662219, 943702, 898388, 930661, 516917, 862176, 625176, 499606, 100322, 266204, 636576, 890049, 396190, 858319, 147051, 305527, 229315, 197817, 804888, 754271, 163107, 170486, 135488, 437674, 694677, 665505, 582287, 913924, 635961
530355, 263233, 857031, 271018, 396521, 889078, 283721, 986719, 373027, 277265, 574741, 183517, 421449, 556531, 297559, 433373, 830088, 877838, 555217, 353365, 350298, 513929, 123915, 338726, 960708, 865199, 772423, 348226, 984953, 504212, 369074, 107640, 888571, 229094, 811159, 308797, 810401, 411819, 314190, 680696, 847861, 130813, 240465, 617769, 624596, 600799, 457518, 933015, 629400, 713178, 742457, 257750, 289107, 987704, 826265, 563602, 744529, 237148, 190787, 336058, 363488, 962460, 247300, 290507
962252, 534365, 910359, 512216, 709667, 881674, 922102, 110707, 310295, 211216, 709997, 389275, 431298, 254424, 991979, 718786, 852131, 348833, 466994, 591449, 785318, 795226, 564717, 941274, 675586, 767034, 731585, 666066, 740476, 342652, 688252, 960105, 787625, 466714, 971531, 945295, 959249, 160260, 643399, 552229, 884207, 290685, 265583, 425221, 212533, 532563, 569297, 189967, 182636, 226489, 677313, 838930, 964953, 215170, 477132, 318131, 811899, 787580, 559687, 263548, 592624, 699975, 709184, 310308
809399, 304753, 670486, 201687, 276913, 439695, 490693, 231906, 454593, 699514, 491449, 555101, 767314, 228739, 737476, 931093, 198840, 927956, 862474, 755733, 760430, 740261, 930681, 592304, 521375, 422840, 374647, 161710, 598304, 987601, 764819, 112881, 771802, 578389, 647325, 832610, 841157, 628350, 874130, 965885, 547504, 722457, 282896, 458614, 726910, 633405, 644136, 602470, 762666, 615431, 392017, 835222, 281451, 207222, 389720, 491430, 738930, 700288, 304757, 369787, 344176, 169711, 893690, 328835
298581, 415324, 445253, 796998, 927827, 802278, 747956, 907115, 687233, 420175, 822392, 329411, 648379, 286004, 413857, 296822, 645191, 925030, 887257, 801161, 101842, 359530, 643790, 815817, 475545, 907945, 851591, 758743, 746756, 862836, 414775, 273167, 323916, 207961, 337231, 906486, 215357, 556570, 573646, 108831, 223511, 684848, 780852, 794619, 232335, 897340, 330388, 374939, 898770, 153541, 140648, 731459, 516777, 135731, 855806, 301420, 348119, 976711, 850767, 606358, 865344, 592629, 577904, 764105
748772, 415519, 320674, 721542, 596713, 506031, 706853, 631599, 283127, 755440, 538761, 228175, 450140, 438154, 659876, 436615, 298480, 633048, 252064, 773142, 230418, 239624, 125100, 479044, 906545, 538542, 801458, 694476, 178952, 448133, 329865, 727620, 664513, 102915, 216321, 980810, 445498, 887672, 984571, 399244, 193444, 999843, 777755, 674676, 156968, 181649, 126134, 119663, 416068, 615123, 176677, 892280, 250419, 635995, 299580, 587941, 487243, 142546, 344820, 863757, 172832, 367833, 517924, 648085
349126, 698490, 116911, 845110, 505107, 676042, 152470, 896461, 581283, 707613, 944878, 199743, 836309, 481414, 196108, 832326, 210387, 426538, 960829, 576764, 892719, 662816, 788275, 752931, 527432, 967047, 378457, 140718, 756300, 688611, 392711, 430800, 367191, 174038, 809233, 523711, 448410, 685911, 427034, 619076, 107223, 564050, 772838, 381698, 159273, 164924, 168332, 150241, 501280, 250897, 518411, 226870, 329674, 252651, 822996, 364977, 171277, 620385, 785220, 485794, 637328, 644730, 664853, 323240
